
[ChargeSummary_RGA.zsh] === Processing dataset 'rgasp18_outb' (rga_sp18_outbending) ===
--- START LOG FOR rgasp18_outb ---
[ChargeSummary_RGA.zsh] Generating run list with: qadb-info charge -d rga_sp18_outbending > /scratch/singh/tmp.onb4H6757a.txt
[ChargeSummary_RGA.zsh] Running: /cvmfs/oasis.opensciencegrid.org/jlab/hallb/clas12/sw/noarch/coatjava/13.4.0/bin/run-groovy /work/clas12/singh/Softwares/DISANA_main/source/rootmacros/chargeSumRuns.groovy /scratch/singh/tmp.onb4H6757a.txt

****************************************
*    Running COATJAVA Groovy Script    *
****************************************

Parsing runs from: /scratch/singh/tmp.onb4H6757a.txt
Mode: file-only. Inferred run range from list file: 3211 to 3987
Run range considered: 3211 to 3987
Number of runs to analyze: 108
3211,0.0,0.0,0.0,0.0
3215,113278.01032,0.0,0.0,106921.18139648438
3216,0.0,0.0,0.0,0.0
3218,93134.14310000002,0.0,0.0,88135.3256225586
3219,128407.92089999998,0.0,0.0,122839.89337158203
3222,107432.82072000002,0.0,0.0,108583.00952148438
3249,151267.78070000006,0.0,0.0,143617.45028686523
3252,0.0,0.0,0.0,0.0
3253,34088.218689999994,0.0,0.0,32994.68029785156
3254,55631.41555,0.0,0.0,53184.71484375
3255,87828.17699999998,0.0,0.0,84641.51934814453
3260,125198.45608000002,0.0,0.0,120834.25708007812
3261,114118.60385999999,0.0,0.0,119734.82495117188
3262,95226.42483999998,0.0,0.0,99111.46502685547
3266,107480.42574000002,0.0,0.0,111881.58026123047
3267,101481.0024,0.0,0.0,102821.24768066406
3269,120666.39689100001,0.0,0.0,121954.94372558594
3270,108598.8350664,0.0,0.0,109164.88397216797
3278,196603.24753999992,0.0,0.0,197224.00036621094
3279,171082.23063,0.0,0.0,172231.92022705078
3280,132186.07277000003,0.0,0.0,132525.0076904297
3281,144957.6237000001,0.0,0.0,146975.32299804688
3282,125076.14694999998,0.0,0.0,128130.6098022461
3285,97411.27081999998,0.0,0.0,99679.60046386719
3288,166112.29839999997,0.0,0.0,168689.06634521484
3289,46133.61719999999,0.0,0.0,46574.61096191406
3290,134995.55008000002,0.0,0.0,136381.43090820312
3293,115332.3945,0.0,0.0,116248.79821777344
3863,0.0,0.0,0.0,0.0
3864,0.0,0.0,0.0,0.0
3865,0.0,0.0,0.0,0.0
3867,283283.2660000002,0.0,0.0,308223.0744628906
3874,53094.88620000001,0.0,0.0,57724.61584472656
3875,296750.10305000003,0.0,0.0,320264.8564453125
3876,0.0,0.0,0.0,0.0
3877,292795.32966000005,0.0,0.0,317773.63427734375
3878,146204.13000000003,0.0,0.0,158925.79370117188
3879,294288.15236000007,0.0,0.0,320399.19006347656
3880,259937.71113000007,0.0,0.0,280149.89404296875
3881,129771.95737,0.0,0.0,139746.04052734375
3882,290971.9334,0.0,0.0,313834.7370605469
3883,292675.38176999986,0.0,0.0,315983.4432373047
3884,133584.27728000004,0.0,0.0,143988.33361816406
3885,291100.44091000024,0.0,0.0,314455.4626464844
3888,292200.73737000005,0.0,0.0,315458.43420410156
3889,293247.54493999993,0.0,0.0,316266.1013183594
3891,267031.77033999993,0.0,0.0,287838.0029296875
3892,0.0,0.0,0.0,0.0
3893,251421.76155999993,0.0,0.0,271431.54248046875
3898,40384.089389999994,0.0,0.0,43790.693359375
3899,0.0,0.0,0.0,0.0
3903,107793.61088000002,0.0,0.0,116179.3237915039
3905,78768.20984000002,0.0,0.0,85140.81323242188
3907,293550.30838000006,0.0,0.0,316719.63844299316
3908,293331.2408299999,0.0,0.0,316819.8502807617
3910,144673.88117,0.0,0.0,156288.9415283203
3911,59761.50002,0.0,0.0,64855.917236328125
3912,38693.033859999996,0.0,0.0,41728.1796875
3913,46793.788499999995,0.0,0.0,50334.84051513672
3915,89796.42003,0.0,0.0,97065.95568847656
3916,301211.09634999995,0.0,0.0,325359.6416015625
3917,101660.24427000008,0.0,0.0,109678.09729003906
3919,39883.65501,0.0,0.0,43302.174072265625
3920,66943.45939999999,0.0,0.0,72314.36437988281
3921,265490.77615000005,0.0,0.0,286989.16369628906
3923,179413.68607,0.0,0.0,193636.92028808594
3924,47303.02051999999,0.0,0.0,51158.268310546875
3925,0.0,0.0,0.0,0.0
3926,34890.40559,0.0,0.0,37870.2255859375
3927,182304.85307,0.0,0.0,196869.96228027344
3928,81061.53353000002,0.0,0.0,87549.56689453125
3929,274293.16778,0.0,0.0,295703.37951660156
3930,89410.14181999999,0.0,0.0,96550.36938476562
3932,285533.50448999996,0.0,0.0,307688.2058105469
3933,240819.595,0.0,0.0,260851.3154296875
3934,275607.61806,0.0,0.0,299187.63342285156
3936,55636.15282000001,0.0,0.0,60444.63720703125
3938,233406.1681,0.0,0.0,252532.99438476562
3939,30476.452149999994,0.0,0.0,33187.70166015625
3940,272300.3386400001,0.0,0.0,295606.9797363281
3941,289027.8687200001,0.0,0.0,313255.9931640625
3943,305952.3439799999,0.0,0.0,331527.6414794922
3944,291620.3135899999,0.0,0.0,316375.4356689453
3945,133047.02444000004,0.0,0.0,143936.1435546875
3946,280535.7223200002,0.0,0.0,303598.5361328125
3947,275653.41449999996,0.0,0.0,298608.43865966797
3948,268412.11701999995,0.0,0.0,290644.5065917969
3949,73250.25110000001,0.0,0.0,79300.00573730469
3950,273266.95670000004,0.0,0.0,296849.1818847656
3951,43332.86206,0.0,0.0,47290.51892089844
3953,8078.3063999999995,0.0,0.0,8960.088958740234
3954,279201.55123999994,0.0,0.0,303160.6441040039
3958,0.0,0.0,0.0,0.0
3959,252832.5693,0.0,0.0,274346.0889892578
3963,200922.98550000004,0.0,0.0,216681.7608642578
3964,121855.80170999999,0.0,0.0,131611.18774414062
3965,291448.4171999999,0.0,0.0,315285.9753417969
3967,291969.67496999993,0.0,0.0,315805.12170410156
3968,285740.3083400001,0.0,0.0,308887.3371582031
3969,53144.41529999999,0.0,0.0,57761.10461425781
3970,16106.1548,0.0,0.0,17835.856811523438
3971,0.0,0.0,0.0,0.0
3973,295763.98741999996,0.0,0.0,320224.2518310547
3975,273762.5737500001,0.0,0.0,296730.3538208008
3982,223168.41879999987,0.0,0.0,242015.22424316406
3985,292399.6488600001,0.0,0.0,317385.5895996094
3986,210875.15549,0.0,0.0,229530.9727783203
3987,140966.3262,0.0,0.0,153319.669921875

total accumulated charge: 1.6465615589217398E7 (nC)
total no hel accumulated charge: 1.757987788722229E7 (nC)
total pos hel accumulated charge: 0.0 (nC)
total neg hel accumulated charge: 0.0 (nC)
total unassigned hel accumulated charge: 1.757987788722229E7 (nC)
--- END LOG FOR rgasp18_outb ---

[ChargeSummary_RGA.zsh] === Processing dataset 'rgafall18_inb' (rga_fa18_inbending) ===
--- START LOG FOR rgafall18_inb ---
[ChargeSummary_RGA.zsh] Generating run list with: qadb-info charge -d rga_fa18_inbending > /scratch/singh/tmp.5hUfnOXmvP.txt
[ChargeSummary_RGA.zsh] Running: /cvmfs/oasis.opensciencegrid.org/jlab/hallb/clas12/sw/noarch/coatjava/13.4.0/bin/run-groovy /work/clas12/singh/Softwares/DISANA_main/source/rootmacros/chargeSumRuns.groovy /scratch/singh/tmp.5hUfnOXmvP.txt

****************************************
*    Running COATJAVA Groovy Script    *
****************************************

Parsing runs from: /scratch/singh/tmp.5hUfnOXmvP.txt
Mode: file-only. Inferred run range from list file: 5032 to 5419
Run range considered: 5032 to 5419
Number of runs to analyze: 171
5032,0.0,0.0,0.0,0.0
5036,169255.79009,87120.75051879883,87500.85513305664,1354.862545490265
5038,379664.98005500005,195930.01300048828,196483.35943603516,3162.27572809346
5039,96867.03218000001,50263.42645263672,49893.18127441406,784.3695659637451
5040,148385.26021,76383.00064086914,76693.3081665039,1213.2131546419114
5041,176654.00028,91098.05792236328,91024.52885437012,1339.3838291168213
5043,138574.96090000003,71514.8988647461,71416.35571289062,1036.600840330124
5045,140597.76279,72564.25305175781,72668.91577148438,1073.8447341918945
5046,388785.13999999996,200909.3319091797,201346.9793701172,2785.4844999313354
5047,16359.827072000002,8484.574188232422,8349.40951538086,126.0967607498169
5051,288649.61416,148832.1149597168,149326.84483337402,2050.089569091797
5052,31329.7292,16309.023376464844,16265.844055175781,241.55015754699707
5053,52127.29184,27070.963989257812,26876.18115234375,373.7377526126802
5116,0.0,0.0,0.0,0.0
5117,0.0,0.0,0.0,0.0
5119,0.0,0.0,0.0,0.0
5120,78469.18921,40611.62957763672,40595.7448425293,587.5549654960632
5124,397189.53306,205039.4888305664,206008.38232421875,3076.5374393463135
5125,396820.772696,204933.3192138672,205041.48065185547,3044.8152055740356
5126,397631.1956,205357.24157714844,205841.22100830078,3044.197329521179
5127,0.0,0.0,0.0,0.0
5128,399283.95668,133929.76629638672,134091.4132385254,147896.78746891022
5129,167978.50795199999,53148.313705444336,53106.612533569336,68528.84573364258
5130,397792.63175000006,137445.3986968994,137849.3901977539,138877.23678588867
5137,0.0,0.0,0.0,0.0
5138,0.0,0.0,0.0,0.0
5139,140419.109952,72354.75244140625,72581.80078125,1070.6285710334778
5153,69118.91758,35693.85729980469,35818.93084716797,523.655104637146
5158,38852.255209999996,17920.8642578125,17835.168823242188,3934.0403261184692
5159,246279.72610400003,103889.93466186523,104479.16018676758,44142.92668914795
5160,174010.389108,71545.54183959961,71906.56805419922,34474.544651031494
5162,79813.75136,41194.43310546875,41137.248046875,599.4886837005615
5163,401075.4119,172131.77978515625,172538.2423095703,66731.63338851929
5164,6592.61917,3397.9721069335938,3357.2646484375,61.901068687438965
5165,270945.450885,112383.55685424805,112464.07864379883,52675.133613586426
5166,402766.9773,165447.40380859375,166424.892578125,80601.89627075195
5167,398691.6208,166900.37371826172,167769.12420654297,73922.0504989624
5168,203543.412244,84233.39645385742,84603.83708190918,39853.02568817139
5169,406886.90818,167107.30908203125,167296.84008789062,82347.52862548828
5180,222583.19053,94840.73846435547,94548.5433959961,39153.16394805908
5181,367788.684108,158794.2924194336,159058.15585327148,59994.49517726898
5182,75612.97073399999,32853.22848510742,32679.684997558594,12252.086106300354
5183,327373.14788,137076.34771728516,136209.17779541016,62842.19485473633
5190,186396.78596,97133.5619354248,96094.44520568848,1052.3617115020752
5191,431956.60890000005,225083.24649047852,224605.61352539062,2557.108582496643
5193,152602.40459999998,79519.25354003906,79422.58465576172,908.9802932739258
5194,0.0,0.0,0.0,0.0
5195,76574.15568000001,39926.297790527344,39608.66621398926,495.85652446746826
5196,412108.50276999996,213670.14080810547,212622.03732299805,2588.141296759248
5197,414492.21926,215278.5266494751,214197.32665252686,2635.80252000317
5198,411692.49131499993,213690.41540527344,213308.01446533203,2747.386331319809
5199,412227.8212,214427.40625,213801.94229125977,2649.2533960342407
5200,153306.22798999998,79609.61534118652,79566.56312561035,1031.7645769119263
5201,81007.08568,42195.77362060547,42190.617248535156,544.8980627059937
5202,412689.4524,214621.40380859375,214101.98071289062,2742.2615904808044
5203,414305.9910599999,215713.21520996094,214532.75651550293,2708.8157629966736
5204,400697.88178000005,208126.20518493652,207389.34690856934,2764.1127767562866
5205,90771.31178,47310.58949279785,47215.902893066406,598.3806738853455
5206,288598.65576,150140.4266357422,149270.67529296875,1939.6565747261047
5208,332956.482576,172807.49389648438,172534.33630371094,2240.9251952171326
5211,88950.82552,45970.99952697754,46187.31475830078,604.0641846656799
5212,400507.8798453,207590.92054748535,207432.30142211914,2870.232711017132
5215,0.0,0.0,0.0,0.0
5216,165644.8011,85569.44479370117,85278.92599487305,1165.4060424789786
5219,385882.09796000004,199412.46612548828,198992.62814331055,2735.336338043213
5220,350595.95763,181583.94039916992,180747.2937927246,2461.4642001912
5221,389903.26823179994,201910.1304321289,200981.59704589844,2703.060607790947
5222,388332.98142,200707.4175415039,199961.4207458496,2718.858691215515
5223,136871.67114000002,70733.53233337402,70739.74842834473,934.1700170040131
5225,0.0,0.0,0.0,0.0
5229,0.0,0.0,0.0,0.0
5230,385677.42767,199369.06280517578,198991.6639404297,2694.1484112739563
5231,392511.4974,202819.24996948242,202675.4083404541,2707.191400051117
5232,389980.8238,201871.87078857422,201772.94732666016,2720.4947180747986
5233,388346.14471470006,201214.82580566406,200003.48248291016,2692.3672108650208
5234,392375.98978400003,203318.38739013672,202438.5698852539,2698.408558368683
5235,147646.70855,76502.69079589844,75978.13317871094,1055.2269115447998
5237,155998.661235,80812.73034667969,80491.88061523438,1025.9017724990845
5238,315191.62801000004,163102.30973815918,162599.39555358887,2140.9110416695476
5239,249280.83361799998,129311.0477142334,129158.50897216797,1302.1574549674988
5247,78398.2866,40443.01937866211,40398.997497558594,543.1546969413757
5248,401741.0402,207927.2655029297,208277.77783203125,2789.6888769567013
5249,403586.59094599995,209064.76876831055,209261.47073364258,2810.991359233856
5250,0.0,0.0,0.0,0.0
5252,248739.69664399998,128304.39147949219,128709.43994140625,2250.4307379722595
5253,91173.86638400001,47162.605529785156,47222.978271484375,603.3744421005249
5257,399906.65888999996,206382.98651123047,207740.23583984375,2742.52760887146
5258,399967.261126,206603.84490966797,206601.31176757812,3641.649254798889
5259,150999.8199,77731.91137695312,78146.01434326172,1375.9930381774902
5261,401689.89052499994,207692.3708190918,207881.0691986084,2847.3223028182983
5262,184254.2856,95127.59217834473,95763.76098632812,1342.0086889266968
5300,0.0,0.0,0.0,0.0
5301,0.0,0.0,0.0,0.0
5302,0.0,0.0,0.0,0.0
5303,390527.05562999996,201346.38787841797,201166.16036987305,2989.3256616592407
5304,376063.20736,193579.0796508789,194140.9418334961,2830.2726192474365
5305,145599.74129,74896.27827453613,75326.12602233887,1099.713056564331
5306,373214.26660000003,191423.37045288086,192464.2530822754,3723.1998591423035
5307,44172.34185999999,22730.364807128906,22745.329040527344,436.76951122283936
5310,97098.01498,49888.87579345703,50064.79577636719,767.3173894882202
5311,128559.20449,66264.28332519531,66037.53247070312,929.898937523365
5315,89998.70509,46652.13049316406,46172.55065917969,667.8104820251465
5316,0.0,0.0,0.0,0.0
5317,373598.09268,192020.24340820312,193058.53009033203,2810.008816719055
5318,374199.71102,192939.69598388672,192531.86892700195,2835.4205713272095
5319,379263.9707,195031.73663330078,195445.28857421875,2900.7775678634644
5320,186600.40671,95883.49755859375,96398.82092285156,1369.7428331375122
5323,24507.161579999996,12604.071899414062,12588.773071289062,185.3585386276245
5324,31133.372,16064.856018066406,16010.686218261719,237.52701091766357
5325,0.0,0.0,0.0,0.0
5333,91527.27794000001,47178.889083862305,47145.16189575195,591.5138444006443
5334,66992.00875000001,34674.14010620117,34659.95617675781,373.0744754076004
5335,13040.146990000001,6737.49755859375,6771.6488037109375,70.69681739807129
5336,8781.580506000002,4556.465576171875,4567.4451904296875,48.89921188354492
5339,88032.8809,45574.68096923828,45481.48861694336,524.9431056976318
5340,37238.6225,19388.229736328125,19238.269470214844,235.4679298400879
5341,121502.51686,62822.611572265625,62409.57879638672,678.1367473602295
5342,116117.37827,59719.67810058594,59564.3984375,884.0166025161743
5343,59859.81529,30871.03436279297,30664.58123779297,416.1446461677551
5344,152440.0404,79977.88522338867,79676.68801879883,717.7935431404039
5345,379590.55523000006,196439.23986816406,195357.50833129883,2644.3608785271645
5346,381441.76326000004,197143.51428222656,196597.12829589844,2725.7422790527344
5347,179006.51604,92441.98596191406,92170.40533447266,1302.7521800994873
5349,240445.52943999998,124515.45602416992,123982.19107055664,1680.7199716567993
5351,52497.565243000005,27261.11376953125,26913.079040527344,388.0825262069702
5354,379301.03118,196307.11224365234,195402.50341796875,2730.001997947693
5355,170209.22787,88078.40954589844,87613.5961303711,1203.1693325042725
5356,376847.45931000006,193667.20733642578,193616.3713684082,3110.5969935655594
5357,376874.5153900001,194166.8235168457,193373.18322753906,3060.621038079262
5358,382812.77922,196779.3779296875,196386.0982055664,3171.9724292755127
5359,381920.20081,196626.8271484375,196294.92504882812,3185.3496465682983
5360,379021.30027,194890.67308044434,194327.9188232422,3046.2241801917553
5361,373889.33797,192402.1739807129,191979.3485107422,3068.0835750102997
5362,26530.823075999997,13582.142456054688,13703.41015625,205.6577854156494
5366,393405.15210999997,202062.1233062744,201417.88856506348,3172.280852932483
5367,373672.7373,191502.29508209229,191113.506401062,3460.9737184736878
5368,327086.45339999994,167372.3406677246,166894.87649536133,3120.5069670677185
5369,94483.90827,48381.623474121094,48121.99938964844,860.0463209152222
5370,0.0,0.0,0.0,0.0
5371,0.0,0.0,0.0,0.0
5372,369374.60867,188675.42837524414,188555.84970092773,3633.3063459377736
5373,361562.9060300001,185352.69561767578,184093.5196533203,3530.0422129631042
5374,382763.06454,196134.55081176758,195204.36282348633,3690.662244516425
5375,389415.04073999997,199060.8468017578,199012.79614257812,3989.7565660476685
5376,290325.12104,148373.15869140625,148479.6847229004,2810.6091256141663
5377,0.0,0.0,0.0,0.0
5378,36987.08995,19036.25650024414,18770.554595947266,328.9495623111725
5379,388154.22657000006,198968.34869384766,198115.10620117188,3796.312397956848
5380,357921.90680999996,183284.29461669922,182883.26998901367,3461.755584716797
5381,372224.5875,190320.36517333984,190410.2873840332,3577.829020023346
5382,284980.70674,145551.07751464844,145632.83697509766,3018.7218043506145
5383,281844.94205,143962.10192871094,143627.18743896484,2667.708249092102
5386,186787.42651999998,95654.08563232422,95609.5405883789,1740.4623560905457
5390,0.0,0.0,0.0,0.0
5391,365195.35440000007,187339.82635498047,186458.45703125,3289.2417764663696
5392,198227.12558999998,101446.34237670898,101194.02049255371,1887.9828872680664
5393,364419.20505399996,186529.19555664062,185497.39498901367,3436.43837302085
5398,40712.33513,20765.049438476562,20761.394592285156,388.94321256130934
5400,33997.25759,17315.36159515381,17275.12629699707,351.8905029296875
5401,31997.853020000002,16365.206298828125,16341.904602050781,282.85582637786865
5402,0.0,0.0,0.0,0.0
5403,0.0,0.0,0.0,0.0
5404,0.0,0.0,0.0,0.0
5406,180061.04247000001,92079.06689453125,91921.29577636719,1667.3133072853088
5407,416039.03369999997,213406.85037231445,212460.1348876953,4052.7330417633057
5414,0.0,0.0,0.0,0.0
5415,0.0,0.0,0.0,0.0
5416,0.0,0.0,0.0,0.0
5417,0.0,0.0,0.0,0.0
5418,0.0,0.0,0.0,0.0
5419,0.0,0.0,0.0,0.0

total accumulated charge: 3.5023407601823784E7 (nC)
total no hel accumulated charge: 1244224.611330458 (nC)
total pos hel accumulated charge: 1.7558273238227844E7 (nC)
total neg hel accumulated charge: 1.753788734918213E7 (nC)
total unassigned hel accumulated charge: 1244224.611330458 (nC)
--- END LOG FOR rgafall18_inb ---

[ChargeSummary_RGA.zsh] === Processing dataset 'rgafall18_outb' (rga_fa18_outbending) ===
--- START LOG FOR rgafall18_outb ---
[ChargeSummary_RGA.zsh] Generating run list with: qadb-info charge -d rga_fa18_outbending > /scratch/singh/tmp.RIxmCN9xl4.txt
[ChargeSummary_RGA.zsh] Running: /cvmfs/oasis.opensciencegrid.org/jlab/hallb/clas12/sw/noarch/coatjava/13.4.0/bin/run-groovy /work/clas12/singh/Softwares/DISANA_main/source/rootmacros/chargeSumRuns.groovy /scratch/singh/tmp.RIxmCN9xl4.txt

****************************************
*    Running COATJAVA Groovy Script    *
****************************************

Parsing runs from: /scratch/singh/tmp.RIxmCN9xl4.txt
Mode: file-only. Inferred run range from list file: 5423 to 5666
Run range considered: 5423 to 5666
Number of runs to analyze: 181
5423,0.0,0.0,0.0,0.0
5424,264729.1313,143420.91998291016,143506.10577392578,2471.380241394043
5425,269407.838107,145714.94500732422,146205.00158691406,2549.2463359832764
5426,65353.614327999996,35418.69171142578,35422.01965332031,614.1473197937012
5428,140254.50209400002,75743.76647949219,76034.69329833984,1234.2556586265564
5429,247102.26137999998,133973.03741455078,133894.99798583984,2188.193316936493
5430,266984.46196999995,144583.9959716797,144766.0541381836,2388.5112833976746
5431,0.0,0.0,0.0,0.0
5432,266510.69187000004,144327.84197998047,144488.4545288086,2349.3294219970703
5434,0.0,0.0,0.0,0.0
5435,253160.67300000004,137169.82696533203,137492.72338867188,2302.4902572631836
5436,275430.64282999997,148976.6566772461,149448.34399414062,2446.9552273750305
5437,110633.441754,59857.95495605469,60140.998474121094,927.6150164604187
5438,239854.34406,129550.4273071289,130000.81860351562,2030.1082239151
5439,0.0,0.0,0.0,0.0
5440,267254.99749,144394.46911621094,144891.50885009766,2474.5529279708862
5441,265401.38576,143797.5595703125,144114.58770751953,2487.8367834091187
5442,266078.76036,144191.8178100586,144157.56188964844,2470.2450556755066
5443,0.0,0.0,0.0,0.0
5444,0.0,0.0,0.0,0.0
5445,267766.11202,145023.69921875,145497.3637084961,2355.419985771179
5447,279418.77297,151604.27575683594,151907.98693847656,2460.779456615448
5448,315845.78925,170979.3745727539,171766.3299560547,2829.5087904930115
5449,260932.83538000003,141094.00024414062,141509.7381591797,2318.846495628357
5450,0.0,0.0,0.0,0.0
5451,222483.89151000002,120217.2670288086,121140.68072509766,2031.420461177826
5452,270359.00914,146648.01998901367,146920.56192016602,2410.164182662964
5453,224811.9043,121696.58758544922,122068.22393798828,2036.6996116638184
5454,281469.261584,152288.47088623047,152882.5780029297,2557.5283234119415
5455,262308.55964,142012.7550048828,142768.86404418945,2333.2312066182494
5456,0.0,0.0,0.0,0.0
5457,0.0,0.0,0.0,0.0
5460,238159.30943,128909.96118164062,129191.97668457031,2074.3181262016296
5462,0.0,0.0,0.0,0.0
5464,294295.803872,159481.86246490479,159140.59967803955,2681.3259506225586
5465,102918.67876,55637.82208251953,55888.77734375,904.5772051811218
5466,109837.12593,59302.28601074219,59685.27136230469,931.8354778289795
5467,290874.65599999996,157550.79556274414,158034.51708984375,2516.7135214805603
5468,266238.76631,144018.5440673828,144271.44436645508,2264.7058041095734
5469,145229.01875,78492.67562866211,78821.99658203125,1304.003420829773
5470,97869.24155400001,52913.00018310547,53118.43298339844,872.8534250259399
5471,220110.81569000002,119257.01904296875,119406.34167480469,1996.3034477233887
5472,171899.40945,93200.544921875,93128.33056640625,1551.3253388404846
5473,75628.20512,40941.00549316406,41144.322692871094,626.3930229134858
5474,269357.15249999997,145601.74507141113,146217.37884521484,2413.5510886386037
5475,268147.62273999996,145061.5526123047,145489.5708618164,2417.475030899048
5476,135106.98372,72926.74869918823,73350.90908813477,1178.9696350097656
5478,269412.88752,146029.05359649658,145991.53848266602,2420.5294971466064
5479,270594.81163,147289.17895507812,146553.06970214844,2395.6848459243774
5480,137330.41260999997,74923.89401245117,74324.0404663086,1262.8699350357056
5481,275105.03593,149737.5965423584,148903.40348815918,2468.530701160431
5482,268734.717951,145814.68061065674,146208.66535949707,2379.046099637635
5483,288938.05704,157267.63218688965,156751.46961975098,2509.6753361094743
5485,270627.69004,146928.06915283203,146953.64556884766,2375.0488986968994
5486,270743.21684,146883.3677368164,146873.35510253906,2456.343427658081
5487,204205.49935,111270.79797363281,110497.9183959961,1798.1805505752563
5495,50824.560059999996,27465.027725219727,27766.76756286621,454.0103096961975
5496,2820.2845399999997,1546.6495666503906,1539.9778442382812,34.170369148254395
5497,286259.87517,155616.9921875,155291.41055297852,2532.847981452942
5498,124690.769484,67621.5560913086,67785.33917236328,1144.8769764900208
5499,268167.94198,145777.71411132812,145739.53411865234,2355.3509135246277
5500,288022.46875999996,156556.20611572266,156123.02029418945,2562.2918467521667
5504,0.0,0.0,0.0,0.0
5505,143471.85365000003,77529.68579101562,77059.70233154297,1578.6981291770935
5507,249505.59604760003,134145.35900878906,133743.15283203125,3088.4297037124634
5516,258502.13649999996,138224.19996643066,139038.25774383545,3262.2557010650635
5517,265432.95651999995,141704.88067626953,142387.01879882812,4345.415677070618
5518,95342.23629999999,51007.156341552734,51297.46423339844,1477.6125268936157
5519,256341.9182,137540.8853149414,137841.0076904297,3093.3787908554077
5520,255103.33453,137045.91143798828,137018.58642578125,3145.924530029297
5521,0.0,0.0,0.0,0.0
5522,169237.58533,90860.1019897461,90944.84423828125,2005.7747330069542
5523,256557.69564999998,137721.8549194336,138138.37646484375,3138.9790720939636
5524,163990.80969999998,88172.90625,88302.75451660156,2034.0714139938354
5525,272123.85402,140989.75369262695,141308.9500427246,13286.965785980225
5526,259761.30229,134123.8324356079,133867.00521850586,13791.360498428345
5527,276730.51128,143159.96630859375,143286.16073608398,14251.378644943237
5528,269334.63664,139004.6576538086,139516.22589111328,13956.778242111206
5530,259289.3068,139488.9556274414,139407.48681640625,3244.6916723251343
5532,258291.39635000002,139055.85556030273,138564.79864501953,3142.2169427871704
5533,76645.71274999999,41201.68566894531,41207.12268066406,895.0240964889526
5534,254431.77134,136709.84118652344,137011.6841430664,2966.855501651764
5535,281572.59293,151181.60455322266,151405.25381469727,3393.7869319180027
5536,216878.46152,116428.95349121094,116636.07131958008,2642.2184681892395
5537,265427.15067,142426.30792236328,142961.13342285156,3162.8698921203613
5538,277265.3809,148845.54711914062,149029.64001464844,3399.2040128707886
5540,267218.1886,143817.7080078125,143478.3355102539,3302.3765830993652
5541,231699.41880500002,124330.85791015625,124463.92364501953,2795.0468101501465
5542,0.0,0.0,0.0,0.0
5543,286154.78246,153156.8179321289,153865.1801147461,3536.4515800476074
5544,284163.96630000003,152310.30517578125,152997.98138427734,3503.517053604126
5545,73361.87640000001,39690.5009765625,39287.39224243164,911.6788454055786
5546,0.0,0.0,0.0,0.0
5547,258740.45956000002,139020.44299316406,139298.1739501953,3114.9092512130737
5548,287516.96470000007,154465.837890625,154822.80499267578,3553.904597122222
5549,278772.68704000005,149585.8016357422,150005.6563720703,3466.695059776306
5550,259030.53739999997,139132.13995361328,139241.22119140625,3209.9935026168823
5551,258952.91749999995,139002.5795288086,138957.57498168945,3209.557801246643
5552,263403.08751999994,141227.65130615234,141924.7186279297,3289.5232458114624
5554,0.0,0.0,0.0,0.0
5555,261511.66700000002,140304.04583740234,140491.38861083984,3266.7906222343445
5556,290451.42652000004,156402.1450805664,155966.76446533203,3654.3570370674133
5557,276782.7746,148620.93588256836,148676.67803955078,3420.354112625122
5558,262343.02359999996,140988.9385986328,140708.56619262695,3289.6955251693726
5559,220011.56068,118004.30624389648,118426.12145996094,2716.2725744247437
5561,0.0,0.0,0.0,0.0
5562,8076.477059999999,4385.022277832031,4373.731262207031,102.57134819030762
5564,0.0,0.0,0.0,0.0
5565,0.0,0.0,0.0,0.0
5566,0.0,0.0,0.0,0.0
5567,67815.63470000001,16072.791015625,16060.280059814453,41951.762451171875
5569,283692.73355,151954.31030273438,152850.146484375,3531.28609085083
5570,270837.42425,145147.99481201172,145821.24005126953,3456.772012233734
5571,141812.09134,76161.4603881836,76255.20330810547,1732.2151899337769
5572,98262.87080000002,52742.56652832031,53010.325439453125,1219.5732879638672
5573,292562.26536,157140.21838378906,157354.12994384766,3609.2764444351196
5574,253777.26950999998,136551.78875732422,136305.35565185547,3143.1869611740112
5577,257206.29153000002,138156.6131439209,138427.3324356079,3211.808382987976
5578,172815.80898999996,92927.10903930664,92892.54800415039,2153.7193098068237
5586,0.0,0.0,0.0,0.0
5589,0.0,0.0,0.0,0.0
5590,0.0,0.0,0.0,0.0
5591,284111.342,152453.51666259766,152669.46255493164,3486.378318309784
5592,118585.3172,63901.37454223633,63778.841400146484,1390.4242105484009
5594,0.0,0.0,0.0,0.0
5595,0.0,0.0,0.0,0.0
5597,0.0,0.0,0.0,0.0
5598,106390.46406,57266.36376953125,57135.41278076172,1277.1230821609497
5600,0.0,0.0,0.0,0.0
5601,205124.24926999997,109747.97958374023,110428.45083618164,2393.6453201770782
5602,249892.39299999995,133813.19506835938,134035.60012817383,3077.9204820655286
5603,262064.88157999996,140391.66177368164,140310.2022857666,3341.232588291168
5604,17532.11694,9335.599243164062,9453.292114257812,243.5667724609375
5606,267529.42914,143752.62385559082,143419.6388092041,3399.4073312431574
5607,46307.887,25106.233459472656,25078.34490966797,591.0124378204346
5610,18601.983945999997,10009.580322265625,9957.872741699219,246.76624584197998
5611,258254.393471,138755.21127319336,139201.22331237793,3155.774238586426
5612,285818.65057000006,153493.19430541992,154212.59915161133,3422.314932346344
5613,274431.45109999995,147514.54666137695,147868.1928100586,3287.1001115851104
5614,208322.43500000006,111836.40670776367,112524.08053588867,2472.5210676193237
5615,241716.58499999996,129195.12744140625,130065.38195800781,2933.005706310272
5616,271304.93262000004,145864.27487182617,146180.4219970703,3403.423258781433
5617,6773.8429,3600.4205322265625,3628.0064086914062,96.09682273864746
5618,35514.318849999996,18931.909118652344,19270.560913085938,392.36711406707764
5619,157189.93146,84499.52020263672,84503.8701171875,1957.9785299301147
5620,0.0,0.0,0.0,0.0
5621,44065.04856,23713.341430664062,23821.967407226562,556.9199829101562
5623,44317.09254,23820.851806640625,23889.52362060547,525.3955612182617
5624,260590.80601600002,140258.5319519043,140072.44604492188,3161.6010122299194
5625,259779.61864,139573.05895996094,139608.5477294922,3229.830885887146
5626,260863.40746000002,139913.53411865234,140586.54370117188,3161.034086704254
5627,17958.598879999998,9651.234191894531,9694.824096679688,222.2854290008545
5628,274454.25762,147255.3045654297,147561.53814697266,3343.500364303589
5629,207647.3542,111800.1224975586,111523.1416015625,2563.791485786438
5630,273354.14505999995,146970.72216796875,146997.78134155273,3351.1888909339905
5631,257942.6898,138630.2053527832,138903.4298095703,3216.954289034009
5632,266366.82039,142956.20013427734,143505.01153564453,3296.204641342163
5633,67008.06815,36147.775329589844,36104.64715576172,834.1766004562378
5635,268688.88558999996,144270.19442749023,144422.546875,3330.7313194274902
5637,160427.69438,86471.86503601074,86163.81480407715,2022.6468021161854
5638,236288.05167000002,127320.56936645508,127135.4404296875,2936.4023275375366
5639,227245.63513999997,122391.38470458984,121750.00685119629,2807.230405807495
5641,258110.37757,138809.39723205566,138743.53228759766,3152.829270267859
5643,74001.8955,39793.52606201172,39821.24853515625,862.4490623474121
5644,132803.900046,71671.71075439453,71411.43798828125,1585.503342628479
5645,89704.93844999999,48350.567443847656,48269.18615722656,1105.7769441604614
5646,274623.27746,147555.1860961914,148113.15649414062,3295.725724697113
5647,273531.81245,147146.72875976562,147113.23706054688,3291.5262413024902
5648,259651.14379999996,139904.71856689453,139771.30377197266,3165.3198862075806
5649,259820.04476999998,139786.3035583496,139295.76333618164,3143.5129203796387
5650,20177.18563,10885.095947265625,10903.389892578125,244.67357444763184
5651,122303.65277999999,65554.28175354004,66076.36590576172,1549.048014640808
5652,0.0,0.0,0.0,0.0
5654,263801.25688999996,141569.2767944336,142166.62622070312,3275.8919911384583
5655,258953.6713,139481.06091308594,139174.9854736328,3163.661047935486
5656,157589.35463000002,84539.86712646484,84692.95837402344,1903.0311126708984
5662,226634.7495,121698.70104980469,122003.96020507812,2842.144515991211
5663,259971.48603000003,139900.99481201172,139962.21240234375,3157.9750938415527
5664,270431.04517,145157.47500610352,146000.96975708008,3294.039797782898
5665,13574.56267,7307.4183349609375,7288.9632568359375,177.56458473205566
5666,286751.052311,154004.4616394043,154290.92291259766,3499.3008527755737

total accumulated charge: 3.2478816492680613E7 (nC)
total no hel accumulated charge: 444647.3870501574 (nC)
total pos hel accumulated charge: 1.745831154063034E7 (nC)
total neg hel accumulated charge: 1.7481717582206726E7 (nC)
total unassigned hel accumulated charge: 444647.3870501574 (nC)
--- END LOG FOR rgafall18_outb ---

[ChargeSummary_RGA.zsh] === Processing dataset 'rgasp19_inb' (rga_sp19) ===
--- START LOG FOR rgasp19_inb ---
[ChargeSummary_RGA.zsh] Generating run list with: qadb-info charge -d rga_sp19 > /scratch/singh/tmp.IN33FotiXB.txt
[ChargeSummary_RGA.zsh] Running: /cvmfs/oasis.opensciencegrid.org/jlab/hallb/clas12/sw/noarch/coatjava/13.4.0/bin/run-groovy /work/clas12/singh/Softwares/DISANA_main/source/rootmacros/chargeSumRuns.groovy /scratch/singh/tmp.IN33FotiXB.txt

****************************************
*    Running COATJAVA Groovy Script    *
****************************************

Parsing runs from: /scratch/singh/tmp.IN33FotiXB.txt
Mode: file-only. Inferred run range from list file: 6616 to 6783
Run range considered: 6616 to 6783
Number of runs to analyze: 120
6616,0.0,0.0,0.0,0.0
6618,0.0,0.0,0.0,0.0
6619,563277.42624,293541.7744445801,292573.08615112305,4757.236883163452
6620,648283.63979,337833.2476196289,337408.98767089844,5436.405554771423
6631,0.0,0.0,0.0,0.0
6632,0.0,0.0,0.0,0.0
6636,623834.7640500001,323891.0544433594,323485.7176513672,5349.023325920105
6637,267654.47073999996,138874.14874267578,138736.86541748047,2288.7123584747314
6638,152703.21419,79043.5151977539,79192.7035522461,1307.5547006130219
6639,174728.94272600004,90666.6708984375,90604.80737304688,1475.9891719818115
6640,557886.4214799999,289267.37646484375,289133.6635131836,4780.239947319031
6642,220204.12833999997,114037.27374267578,114436.77160644531,1887.7407550811768
6645,393555.05985,204640.8026123047,204091.43359375,3412.55495262146
6647,559143.18636,289934.63287353516,289658.4038696289,4756.054334711283
6648,162030.71326000002,83760.76187133789,84071.38473510742,1396.9940231367946
6650,27049.53444,14027.398681640625,13955.695129394531,229.54488945007324
6651,380202.24984000006,197158.77124023438,197282.81018066406,3290.64013004303
6652,82972.181314,42928.37902832031,43083.903564453125,723.446907043457
6654,105761.9126,55094.428649902344,54938.332458496094,881.544017791748
6655,488910.93853,254363.115234375,253594.53619384766,4151.564694236964
6656,628169.1840400001,325843.6015625,325391.25439453125,6081.351192474365
6657,569649.4559399998,295994.55310058594,295243.9288330078,4816.040635108948
6658,74636.0852,38929.904846191406,38631.12469482422,633.256175994873
6660,540195.65936,280797.54766845703,280388.0847167969,4529.453604698181
6661,597645.2000899999,310031.14865112305,310090.7523498535,5099.807319641113
6662,568340.57036,294777.65983581543,293927.9920501709,4903.820514384657
6663,388802.77349999995,201901.7628173828,201203.6374206543,3377.1753129865974
6664,487221.65143,252572.3943786621,252633.36395263672,4296.575109004974
6665,220738.74188,114486.51348876953,114458.12921142578,1981.711067199707
6666,267776.68665999995,138639.92163085938,138258.24639892578,2335.6579060554504
6667,596578.63867,309129.4319458008,308700.9176635742,5198.014917373657
6668,555000.68267,288287.9387207031,287269.84704589844,4817.242364883423
6669,298411.0848,154496.60806274414,154998.74627685547,2594.0589385032654
6670,237721.21592000002,123418.1763305664,123088.3099975586,2045.3022289276123
6672,642577.23112,334158.0475463867,333516.0478820801,5455.330945968628
6673,275747.34392,143582.17608642578,142606.52224731445,2349.439372062683
6675,621309.3290600001,322740.58239746094,322629.74713134766,5296.644072532654
6676,211974.51231000002,110573.39624023438,109639.09606933594,1773.6709575653076
6677,553699.15532,287048.9631347656,287035.9839782715,4680.495059967041
6678,529114.05798,274561.29818725586,275147.4617614746,4374.826092762873
6680,443032.77778999996,230175.97888183594,229973.4248046875,3671.589644908905
6682,234866.546464,122273.88397216797,121658.16796875,1971.315405368805
6683,627174.6757,325670.1036376953,324968.19958496094,5364.1765604019165
6684,335665.18448,174604.3823852539,173894.5473022461,2862.2440843582153
6685,581798.09115,302377.5545196533,301864.45137023926,4946.212905518711
6687,202570.76975999997,105223.27856445312,104991.23724365234,1701.4650506973267
6688,541850.45281,280874.1689147949,281259.622467041,4609.954807281494
6689,619193.3125000001,321586.71014404297,321303.967376709,5269.988516807556
6691,605605.9105000001,314665.0641479492,314692.8442993164,5139.505386352539
6692,601943.21437,312915.52923583984,312314.58770751953,5142.462389945984
6693,216449.02875,112228.1982421875,112178.72821044922,1861.0951051712036
6694,627605.9114,326014.46868896484,325712.9086303711,5369.835347175598
6695,321841.77103,167247.9140625,166955.791015625,2757.2188653945923
6696,50433.602600000006,26394.013671875,26247.265380859375,431.91449069976807
6697,625489.3499999999,325476.8542480469,324550.1767578125,5334.260052680969
6698,502648.48344,261263.68280029297,260568.27954101562,4214.292374610901
6699,146811.169,76340.58560180664,76459.81723022461,1243.7965800762177
6704,578155.16288,300057.14239501953,299965.4602661133,4840.2336592674255
6705,623649.78172,323773.62481689453,323898.1519165039,5253.755647923797
6706,587547.26004,305142.6671142578,304253.6447753906,5019.624378204346
6707,161686.50212000002,83835.62194824219,83930.17779541016,1402.6403110027313
6708,375601.48832999996,194865.05688476562,194500.1216430664,3258.097819328308
6709,444602.47487,230582.0502319336,230110.59729003906,3934.8333806991577
6710,499483.98099999997,259110.83233642578,258469.34399414062,4379.812513828278
6711,612672.186499,318286.671875,317390.2971801758,5336.267883300781
6712,612800.6169150001,317748.96685791016,318192.13415527344,5376.936834812164
6713,509984.55568,264715.55725097656,264245.2698364258,4413.708045959473
6714,310648.68438,161462.6421508789,160691.8192138672,2671.294632911682
6715,623865.5376700001,323344.4873046875,323692.6742553711,5475.216177940369
6716,562948.8785600001,291200.93087768555,292563.48767089844,4890.951171398163
6717,610925.7295300001,316595.2867126465,316518.9231262207,5319.273234367371
6718,613824.89406,318361.3819580078,318263.1788330078,5294.219645023346
6719,232875.88377000001,120891.25866699219,120788.6357421875,2033.5720958709717
6722,0.0,0.0,0.0,0.0
6723,0.0,0.0,0.0,0.0
6724,0.0,0.0,0.0,0.0
6725,0.0,0.0,0.0,0.0
6728,0.0,0.0,0.0,0.0
6729,455097.44259999995,235832.36749267578,235687.91180419922,3964.6510903835297
6730,16335.531299999999,8439.987365722656,8515.156860351562,117.71659564971924
6731,503467.83918000007,261436.45635986328,260771.43420410156,4350.605005741119
6732,202908.50155,105178.2271118164,104999.56018066406,1720.0659160614014
6733,593641.6816700001,308657.2756958008,307114.58447265625,5214.295253753662
6734,0.0,0.0,0.0,0.0
6736,595455.01404,308538.30865478516,308443.1895751953,5273.70868730545
6737,598718.0646299999,311134.74334716797,310110.3524169922,5283.5966510772705
6738,571994.6685100001,296727.548828125,296751.63555908203,5004.736375808716
6739,533603.74545,276637.6753540039,276560.64263916016,4662.97202236671
6740,613784.5223,318792.70556640625,318151.1005859375,5346.96804523468
6741,651226.75597,337817.7664794922,338710.580078125,5736.67133808136
6742,54344.49421999999,28325.778839111328,28160.889526367188,484.43245792388916
6743,587766.6049400001,305164.1971435547,305404.4819946289,5052.997353553772
6744,456003.86501,236510.3490600586,236812.31622314453,4051.266580581665
6746,631026.24456,327457.15936279297,327412.49670410156,5540.825614482164
6747,615370.78827,319194.9592895508,319827.5932006836,5376.4668617248535
6748,588254.2013999999,305235.1101074219,305036.5671386719,5129.491300582886
6749,124261.15453999999,64511.5947265625,64489.1474609375,1087.766222000122
6750,393578.85066000005,204854.98541259766,204503.4012451172,3425.203327178955
6753,165496.68776000003,85796.87040710449,85828.99137878418,1437.7333221435547
6754,81978.48529999999,42741.255615234375,42530.343811035156,737.1456909179688
6755,68951.4376,35669.09289550781,35723.6455078125,610.9537439346313
6756,369073.680324,191444.95211029053,191462.4715538025,3201.0461111068726
6757,91781.15537,47515.49060058594,47411.09637451172,751.3331456184387
6759,324281.0617999999,168299.96160888672,168370.8931274414,2782.115770339966
6760,552954.6084999999,287430.0629272461,286711.92834472656,4739.871857643127
6762,629946.4654699999,327440.98333740234,327149.76306152344,5374.208751678467
6763,30475.331609999997,15935.656127929688,15735.522583007812,254.3041934967041
6764,145282.02584,75438.53567504883,75198.35116577148,1226.036992073059
6765,569086.2012000001,295522.8031921387,295548.28399658203,4859.057649612427
6767,590636.30457,306824.43615722656,306679.8352050781,4975.6303606033325
6768,552799.0549,286475.20782470703,286781.9407348633,4726.107399940491
6769,207853.35820999998,107914.0122680664,107896.74615478516,1757.9739508628845
6775,0.0,0.0,0.0,0.0
6776,0.0,0.0,0.0,0.0
6777,0.0,0.0,0.0,0.0
6778,0.0,0.0,0.0,0.0
6779,479910.59365999995,249139.78967285156,248736.80114746094,4257.964961051941
6780,600754.62955,311958.9599304199,311183.01556396484,5308.326296806335
6781,374815.53269,194846.81323242188,194090.0382080078,3325.7645406723022
6783,41202.67491,21257.48583984375,21320.166625976562,351.96148014068604

total accumulated charge: 4.4183881173812E7 (nC)
total no hel accumulated charge: 381058.85835187975 (nC)
total pos hel accumulated charge: 2.2938441095100403E7 (nC)
total neg hel accumulated charge: 2.2913999107738495E7 (nC)
total unassigned hel accumulated charge: 381058.85835187975 (nC)
--- END LOG FOR rgasp19_inb ---

[ChargeSummary_RGA.zsh] === FINAL CHARGE SUMMARY TABLE ===
# dataset  total_charge_nC
rgasp18_outb  1.6465615589217398E7
rgafall18_inb  3.5023407601823784E7
rgafall18_outb  3.2478816492680613E7
rgasp19_inb  4.4183881173812E7

